Temperature: 300	Pressure: 101325	Free energy: -40873.8314014
Temperature: 483	Pressure: 101325	Free energy: -40873.8660814
Temperature: 550	Pressure: 101325	Free energy: -40873.8828998
Temperature: 700	Pressure: 101325	Free energy: -40873.9271369
