Temperature: 300	Pressure: 101325	Free energy: -41107.1983345
Temperature: 483	Pressure: 101325	Free energy: -41107.3954251
Temperature: 550	Pressure: 101325	Free energy: -41107.4818764
Temperature: 700	Pressure: 101325	Free energy: -41107.7000082
