Temperature: 300	Pressure: 101325	Free energy: -40891.9081493
Temperature: 483	Pressure: 101325	Free energy: -40891.9999807
Temperature: 550	Pressure: 101325	Free energy: -40892.0408401
Temperature: 700	Pressure: 101325	Free energy: -40892.1436441
